precision: 10

inputs: 'inputs_dimer_0403.txt'

n_b: 1.

constants:
  c: 2.998E+10 #cm/s
  hbar_eVs: 6.58212E-16 #eV*s
  hbar_cgs: 1.0545716E-27 # cm^2*g/s
  e: 4.80326E-10 #statC

